image: map5.pgm
resolution: 0.005000
origin: [-2.252500, -2.252500, 0.000000]
negate: 0
occupied_thresh: 0.65
free_thresh: 0.196

